0920	8.326976	0.953952	largeDoses
14488	7.153469	1.673904	smallDoses
26052	1.441871	0.805124	didntLike
75136	13.147394	0.428964	didntLike
38344	1.669788	0.134296	didntLike
72993	10.141740	1.032955	didntLike
35948	6.830792	1.213192	largeDoses
42666	13.276369	0.543880	largeDoses
67497	8.631577	0.749278	didntLike
35483	12.273169	1.508053	largeDoses
50242	3.723498	0.831917	didntLike
63275	8.385879	1.669485	didntLike
5569	4.875435	0.728658	smallDoses
51052	4.680098	0.625224	didntLike
77372	15.299570	0.331351	didntLike
43673	1.889461	0.191283	didntLike